version https://git-lfs.github.com/spec/v1
oid sha256:524631a4d79873380be4551c073e2bf39fb7da2fb99fa6ec2595e0907fbf561c
size 4872431
